20181218000000 20181217000000
20181217000000 20181216000000
20181216000000 20181215000000
20181215000000 20181214000000
20181214000000 20181213000000
20181213000000 20181212000000
20181212000000 20181211000000
20181211000000 20181210000000
20181210000000 20181209000000
20181209000000 20181208000000
20181208000000 20181207000000
20181207000000 20181206000000
20181206000000 20181205000000
20181205000000 20181204000000
20181204000000 20181203000000
20181203000000 20181202000000
20181202000000 20181201000000
20181201000000 20181130000000
20181130000000 20181129000000
20181129000000 20181128000000
20181128000000 20181127000000
20181127000000 20181126000000
20181126000000 20181125000000
20181125000000 20181124000000
20181124000000 20181123000000
20181123000000 20181122000000
20181122000000 20181121000000
20181121000000 20181120000000
20181120000000 20181119000000
20181119000000 20181118000000
20181118000000 20181117000000
20181117000000 20181116000000
20181116000000 20181115000000
20181115000000 20181114000000
20181114000000 20181113000000
20181113000000 20181112000000
20181112000000 20181111000000
20181111000000 20181110000000
20181110000000 20181109000000
20181109000000 20181108000000
20181108000000 20181107000000
20181107000000 20181106000000
20181106000000 20181105000000
20181105000000 20181104000000
20181104000000 20181103000000
20181103000000 20181102000000
20181102000000 20181101000000
20181101000000 20181031000000
20181031000000 20181030000000
20181030000000 20181029000000
20181029000000 20181028000000
20181028000000 20181027000000
20181027000000 20181026000000
20181026000000 20181025000000
20181025000000 20181024000000
20181024000000 20181023000000
20181023000000 20181022000000
20181022000000 20181021000000
20181021000000 20181020000000
20181020000000 20181019000000
20181019000000 20181018000000
20181018000000 20181017000000
20181017000000 20181016000000
20181016000000 20181015000000
20181015000000 20181014000000
20181014000000 20181013000000
20181013000000 20181012000000
20181012000000 20181011000000
20181011000000 20181010000000
20181010000000 20181009000000
20181009000000 20181008000000
20181008000000 20181007000000
20181007000000 20181006000000
20181006000000 20181005000000
20181005000000 20181004000000
20181004000000 20181003000000
20181003000000 20181002000000
20181002000000 20181001000000
20181001000000 20180930000000
20180930000000 20180929000000
20180929000000 20180928000000
20180928000000 20180927000000
20180927000000 20180926000000
20180926000000 20180925000000
20180925000000 20180924000000
20180924000000 20180923000000
20180923000000 20180922000000
20180922000000 20180921000000
20180921000000 20180920000000
20180920000000 20180919000000
20180919000000 20180918000000
20180918000000 20180917000000
20180917000000 20180916000000
20180916000000 20180915000000
20180915000000 20180914000000
20180914000000 20180913000000
20180913000000 20180912000000
20180912000000 20180911000000
20180911000000 20180910000000
20180910000000 20180909000000
20180909000000 20180908000000
20180908000000 20180907000000
20180907000000 20180906000000
20180906000000 20180905000000
20180905000000 20180904000000
20180904000000 20180903000000
20180903000000 20180902000000
20180902000000 20180901000000
20180901000000 20180831000000
20180831000000 20180830000000
20180830000000 20180829000000
20180829000000 20180828000000
20180828000000 20180827000000
20180827000000 20180826000000
20180826000000 20180825000000
20180825000000 20180824000000
20180824000000 20180823000000
20180823000000 20180822000000
20180822000000 20180821000000
20180821000000 20180820000000
20180820000000 20180819000000
20180819000000 20180818000000
20180818000000 20180817000000
20180817000000 20180816000000
20180816000000 20180815000000
20180815000000 20180814000000
20180814000000 20180813000000
20180813000000 20180812000000
20180812000000 20180811000000
20180811000000 20180810000000
20180810000000 20180809000000
20180809000000 20180808000000
20180808000000 20180807000000
20180807000000 20180806000000
20180806000000 20180805000000
20180805000000 20180804000000
20180804000000 20180803000000
20180803000000 20180802000000
20180802000000 20180801000000
20180801000000 20180731000000
20180731000000 20180730000000
20180730000000 20180729000000
20180729000000 20180728000000
20180728000000 20180727000000
20180727000000 20180726000000
20180726000000 20180725000000
20180725000000 20180724000000
20180724000000 20180723000000
20180723000000 20180722000000
20180722000000 20180721000000
20180721000000 20180720000000
20180720000000 20180719000000
20180719000000 20180718000000
20180718000000 20180717000000
20180717000000 20180716000000
20180716000000 20180715000000
20180715000000 20180714000000
20180714000000 20180713000000
20180713000000 20180712000000
20180712000000 20180711000000
20180711000000 20180710000000
20180710000000 20180709000000
20180709000000 20180708000000
20180708000000 20180707000000
20180707000000 20180706000000
20180706000000 20180705000000
20180705000000 20180704000000
20180704000000 20180703000000
20180703000000 20180702000000
20180702000000 20180701000000
20180701000000 20180630000000
20180630000000 20180629000000
20180629000000 20180628000000
20180628000000 20180627000000
20180627000000 20180626000000
20180626000000 20180625000000
20180625000000 20180624000000
20180624000000 20180623000000
20180623000000 20180622000000
20180622000000 20180621000000
20180621000000 20180620000000
20180620000000 20180619000000
20180619000000 20180618000000
20180618000000 20180617000000
20180617000000 20180616000000
20180616000000 20180615000000
20180615000000 20180614000000
20180614000000 20180613000000
20180613000000 20180612000000
20180612000000 20180611000000
20180611000000 20180610000000
20180610000000 20180609000000
20180609000000 20180608000000
20180608000000 20180607000000
20180607000000 20180606000000
20180606000000 20180605000000
20180605000000 20180604000000
20180604000000 20180603000000
20180603000000 20180602000000
20180602000000 20180601000000
20180601000000 20180531000000
20180531000000 20180530000000
20180530000000 20180529000000
20180529000000 20180528000000
20180528000000 20180527000000
20180527000000 20180526000000
20180526000000 20180525000000
20180525000000 20180524000000
20180524000000 20180523000000
20180523000000 20180522000000
20180522000000 20180521000000
20180521000000 20180520000000
20180520000000 20180519000000
20180519000000 20180518000000
20180518000000 20180517000000
20180517000000 20180516000000
20180516000000 20180515000000
20180515000000 20180514000000
20180514000000 20180513000000
20180513000000 20180512000000
20180512000000 20180511000000
20180511000000 20180510000000
20180510000000 20180509000000
20180509000000 20180508000000
20180508000000 20180507000000
20180507000000 20180506000000
20180506000000 20180505000000
20180505000000 20180504000000
20180504000000 20180503000000
20180503000000 20180502000000
20180502000000 20180501000000
20180501000000 20180430000000
20180430000000 20180429000000
20180429000000 20180428000000
20180428000000 20180427000000
20180427000000 20180426000000
20180426000000 20180425000000
20180425000000 20180424000000
20180424000000 20180423000000
20180423000000 20180422000000
20180422000000 20180421000000
20180421000000 20180420000000
20180420000000 20180419000000
20180419000000 20180418000000
20180418000000 20180417000000
20180417000000 20180416000000
20180416000000 20180415000000
20180415000000 20180414000000
20180414000000 20180413000000
20180413000000 20180412000000
20180412000000 20180411000000
20180411000000 20180410000000
20180410000000 20180409000000
20180409000000 20180408000000
20180408000000 20180407000000
20180407000000 20180406000000
20180406000000 20180405000000
20180405000000 20180404000000
20180404000000 20180403000000
20180403000000 20180402000000
20180402000000 20180401000000
20180401000000 20180331000000
20180331000000 20180330000000
20180330000000 20180329000000
20180329000000 20180328000000
20180328000000 20180327000000
20180327000000 20180326000000
20180326000000 20180325000000
20180325000000 20180324000000
20180324000000 20180323000000
20180323000000 20180322000000
20180322000000 20180321000000
20180321000000 20180320000000
20180320000000 20180319000000
20180319000000 20180318000000
20180318000000 20180317000000
20180317000000 20180316000000
20180316000000 20180315000000
20180315000000 20180314000000
20180314000000 20180313000000
20180313000000 20180312000000
20180312000000 20180311000000
20180311000000 20180310000000
20180310000000 20180309000000
20180309000000 20180308000000
20180308000000 20180307000000
20180307000000 20180306000000
20180306000000 20180305000000
20180305000000 20180304000000
20180304000000 20180303000000
20180303000000 20180302000000
20180302000000 20180301000000
20180301000000 20180228000000
20180228000000 20180227000000
20180227000000 20180226000000
20180226000000 20180225000000
20180225000000 20180224000000
20180224000000 20180223000000
20180223000000 20180222000000
20180222000000 20180221000000
20180221000000 20180220000000
20180220000000 20180219000000
20180219000000 20180218000000
20180218000000 20180217000000
20180217000000 20180216000000
20180216000000 20180215000000
20180215000000 20180214000000
20180214000000 20180213000000
20180213000000 20180212000000
20180212000000 20180211000000
20180211000000 20180210000000
20180210000000 20180209000000
20180209000000 20180208000000
20180208000000 20180207000000
20180207000000 20180206000000
20180206000000 20180205000000
20180205000000 20180204000000
20180204000000 20180203000000
20180203000000 20180202000000
20180202000000 20180201000000
20180201000000 20180131000000
20180131000000 20180130000000
20180130000000 20180129000000
20180129000000 20180128000000
20180128000000 20180127000000
20180127000000 20180126000000
20180126000000 20180125000000
20180125000000 20180124000000
20180124000000 20180123000000
20180123000000 20180122000000
20180122000000 20180121000000
20180121000000 20180120000000
20180120000000 20180119000000
20180119000000 20180118000000
20180118000000 20180117000000
20180117000000 20180116000000
20180116000000 20180115000000
20180115000000 20180114000000
20180114000000 20180113000000
20180113000000 20180112000000
20180112000000 20180111000000
20180111000000 20180110000000
20180110000000 20180109000000
20180109000000 20180108000000
20180108000000 20180107000000
20180107000000 20180106000000
20180106000000 20180105000000
20180105000000 20180104000000
20180104000000 20180103000000
20180103000000 20180102000000
20180102000000 20180101000000
20180101000000 20171231000000
20171231000000 20171230000000
20171230000000 20171229000000
20171229000000 20171228000000
20171228000000 20171227000000
20171227000000 20171226000000
20171226000000 20171225000000
20171225000000 20171224000000
20171224000000 20171223000000
20171223000000 20171222000000
20171222000000 20171221000000
20171221000000 20171220000000
20171220000000 20171219000000
20171219000000 20171218000000
